1 2 0 1 0 1
1 3 0 1 0 1
1 4 0 1 0 1
1 5 0 1 0 1
1 8 0 1 0 1
2 7 0 2 0 2
2 9 0 2 0 2
2 1 0 2 0 2
2 11 2 0 0 0
2 17 2 0 0 0
3 14 2 1 0 1
3 18 2 1 0 1
3 19 2 1 0 1
3 6 0 3 0 3
3 26 3 0 0 0
3 21 3 0 0 0
4 27 3 1 0 1
4 28 3 1 0 1
4 30 3 1 0 1
4 13 2 2 0 2
4 38 4 0 0 0
4 32 4 0 0 0
5 36 4 1 0 1
5 39 4 1 0 1
5 22 3 2 0 2
5 45 5 0 0 0
5 49 5 0 0 0
5 47 5 0 0 0
6 35 4 2 0 2
6 50 5 1 0 1
6 43 5 1 0 1
7 52 7 0 0 0
7 53 7 0 0 0
7 55 7 0 0 0
7 56 7 0 0 0
8 59 7 1 0 1
8 60 7 1 0 1
8 54 7 1 0 1
8 57 7 1 0 1
8 46 5 3 0 3
8 42 5 3 0 3
8 40 4 4 0 4
9 58 7 2 0 2
9 51 7 2 0 2
9 41 5 4 0 4
9 34 4 5 0 5
9 33 4 5 0 5
9 48 5 4 0 4
9 37 4 5 0 5
9 31 4 5 0 5
9 29 3 6 0 6
10 67 10 0 0 0
10 68 10 0 0 0
10 70 10 0 0 0
10 65 10 0 0 0
10 66 10 0 0 0
10 62 10 0 0 0
10 64 10 0 0 0
10 16 2 8 0 8
10 61 10 0 0 0
10 20 2 8 0 8
11 25 3 8 0 8
11 24 3 8 0 8
11 10 0 11 0 11
11 23 3 8 0 8
11 12 2 9 0 9
12 76 12 0 0 0
12 79 12 0 0 0
12 80 12 0 0 0
12 78 12 0 0 0
12 75 12 0 0 0
12 73 12 0 0 0
12 77 12 0 0 0
12 72 12 0 0 0
13 71 12 1 0 1
14 86 14 0 0 0
14 87 14 0 0 0
14 90 14 0 0 0
14 85 14 0 0 0
14 81 14 0 0 0
14 88 14 0 0 0
14 83 14 0 0 0
14 82 14 0 0 0
15 84 14 1 0 1
15 89 14 1 0 1
15 15 2 13 0 13
16 93 16 0 0 0
16 94 16 0 0 0
16 97 16 0 0 0
16 98 16 0 0 0
16 96 16 0 0 0
16 95 16 0 0 0
16 92 16 0 0 0
17 91 16 1 0 1
17 100 16 1 0 1
19 104 19 0 0 0
19 105 19 0 0 0
19 109 19 0 0 0
19 110 19 0 0 0
19 103 19 0 0 0
19 107 19 0 0 0
19 108 19 0 0 0
20 102 19 1 0 1
20 106 19 1 0 1
20 101 19 1 0 1
21 112 21 0 0 0
21 114 21 0 0 0
21 119 21 0 0 0
21 118 21 0 0 0
22 120 21 1 0 1
22 111 21 1 0 1
22 116 21 1 0 1
22 117 21 1 0 1
22 113 21 1 0 1
23 124 23 0 0 0
23 125 23 0 0 0
23 126 23 0 0 0
24 130 23 1 0 1
24 121 23 1 0 1
24 131 24 0 0 0
24 138 24 0 0 0
24 135 24 0 0 0
24 127 23 1 0 1
24 137 24 0 0 0
25 136 24 1 0 1
25 139 24 1 0 1
25 149 25 0 0 0
25 140 24 1 0 1
25 142 25 0 0 0
25 132 24 1 0 1
25 147 25 0 0 0
26 146 25 1 0 1
26 150 25 1 0 1
26 154 26 0 0 0
26 133 24 2 0 2
26 157 26 0 0 0
26 153 26 0 0 0
26 159 26 0 0 0
27 155 26 1 0 1
27 156 26 1 0 1
27 145 25 2 0 2
28 129 23 5 0 5
28 151 26 2 0 2
28 160 26 2 0 2
28 152 26 2 0 2
28 143 25 3 0 3
28 158 26 2 0 2
29 163 29 0 0 0
29 164 29 0 0 0
29 166 29 0 0 0
29 167 29 0 0 0
29 165 29 0 0 0
29 168 29 0 0 0
29 134 24 5 0 5
29 170 29 0 0 0
30 171 30 0 0 0
30 178 30 0 0 0
30 179 30 0 0 0
30 176 30 0 0 0
30 173 30 0 0 0
30 161 29 1 0 1
30 177 30 0 0 0
30 175 30 0 0 0
30 122 23 7 0 7
31 162 29 2 0 2
31 180 30 1 0 1
31 174 30 1 0 1
32 187 32 0 0 0
32 189 32 0 0 0
32 185 32 0 0 0
33 182 32 1 0 1
33 190 32 1 0 1
33 186 32 1 0 1
33 188 32 1 0 1
33 184 32 1 0 1
33 181 32 1 0 1
34 183 32 2 0 2
36 196 36 0 0 0
36 197 36 0 0 0
36 200 36 0 0 0
37 195 36 1 0 1
37 204 37 0 0 0
37 207 37 0 0 0
37 198 36 1 0 1
37 210 37 0 0 0
37 205 37 0 0 0
37 203 37 0 0 0
38 209 37 1 0 1
38 199 36 2 0 2
38 208 37 1 0 1
130  91 99
100 100 0
0
1 0 1
1 0
19 2005 0 19 0 19
24 2069 19 5 0 5
27 2000 0 27 0 27
27 2021 8 19 0 19
31 2008 0 31 0 31
32 2042 15 17 0 17
32 2044 15 17 0 17
33 2032 9 24 0 24
34 2012 6 28 0 28
36 2028 8 28 0 28
37 2050 18 19 0 19
38 2137 37 1 0 1
229  163 127
0 0 0
0
19 0 19
1 0